[All Swords x50]
20616358 00000032
20616360 00000032
20616368 00000032
20616370 00000032
20616378 00000032
20616380 00000032
20616388 00000032
20616390 00000032
20616398 00000032
206163A0 00000032
206163A8 00000032
206163B0 00000032
206163B8 00000032
206163C0 00000032
206163C8 00000032
206163D0 00000032
206163D8 00000032
206163E0 00000032
206163E8 00000032
206163F0 00000032
206163F8 00000032
20616400 00000032
20616408 00000032
20616410 00000032
20616418 00000032
20616420 00000032
20616428 00000032
20616430 00000032
20616438 00000032
20616440 00000032
20616448 00000032
20616450 00000032

[All Bolas x50]
20616458 00000032
20616460 00000032
20616468 00000032
20616470 00000032
20616478 00000032
20616480 00000032
20616488 00000032
20616490 00000032
20616498 00000032
206164A0 00000032
206164A8 00000032
206164B0 00000032
206164B8 00000032
206164C0 00000032
206164C8 00000032
206164D0 00000032
206164D8 00000032
206164E0 00000032
206164E8 00000032
206164F0 00000032
206164F8 00000032
20616500 00000032
20616508 00000032
20616510 00000032
20616518 00000032
20616520 00000032
20616528 00000032
20616530 00000032
20616538 00000032
20616540 00000032
20616548 00000032
20616550 00000032

[All Bows x50]
20616558 00000032
20616560 00000032
20616568 00000032
20616570 00000032
20616578 00000032
20616580 00000032
20616588 00000032
20616590 00000032
20616598 00000032
206165A0 00000032
206165A8 00000032
206165B0 00000032
206165B8 00000032
206165C0 00000032
206165C8 00000032
206165D0 00000032
206165D8 00000032
206165E0 00000032
206165E8 00000032
206165F0 00000032
206165F8 00000032
20616600 00000032
20616608 00000032
20616610 00000032
20616618 00000032
20616620 00000032
20616628 00000032
20616630 00000032
20616638 00000032
20616640 00000032
20616648 00000032
20616650 00000032

[All Magic Wands x50]
20616658 00000032
20616660 00000032
20616668 00000032
20616670 00000032
20616678 00000032
20616680 00000032
20616688 00000032
20616690 00000032
20616698 00000032
206166A0 00000032
206166A8 00000032
206166B0 00000032
206166B8 00000032
206166C0 00000032
206166C8 00000032
206166D0 00000032
206166D8 00000032
206166E0 00000032
206166E8 00000032
206166F0 00000032
206166F8 00000032
20616700 00000032
20616708 00000032
20616710 00000032
20616718 00000032
20616720 00000032
20616728 00000032
20616730 00000032
20616738 00000032
20616740 00000032
20616748 00000032
20616750 00000032