

[9999999 Coins]
0052D3F8 0098967F

[SELECT + UP All Items Bought]
DD000000 00000044
E052D328 000000D0
23232300 23232323
23232323 00002323
23232323 23232323
23232323 23232323
23232323 23232323
00232323 23232300
23232323 23232323
23232323 23232323
23232323 23232323
23232323 23232323
23232323 00002323
23232323 23232323
23232323 23232323
23232323 23232323
23232323 23232323
23232323 23232323
23000023 23232323
23232323 23232323
23232323 23232323
23232323 23232323
23232323 23232323
23232323 23232323
23232323 23232323
23232323 23232323
23232323 23232323
23232323 23232323
D2000000 00000000
