Mario Tennis Open (JPN)
Downloaded From Fort42: GateShark

Credits and instructions:
http://www.fort42.com/gateshark/game717/
----------------------------------------------------

[Select+Up All Items Bought]
DD000000 00000044
E0528238 000000D0
23232300 23232323
23232323 00002323
23232323 23232323
23232323 23232323
23232323 23232323
00232323 23232300
23232323 23232323
23232323 23232323
23232323 23232323
23232323 23232323
23232323 00002323
23232323 23232323
23232323 23232323
23232323 23232323
23232323 23232323
23232323 23232323
23000023 23232323
23232323 23232323
23232323 23232323
23232323 23232323
23232323 23232323
23232323 23232323
23232323 23232323
23232323 23232323
23232323 23232323
23232323 23232323
D2000000 00000000

[9999999 Money]
00528308 0098967F

[Rating Modifier]
005331D0 00280000